8
 1     9     2     3     4     5     6     7
16     8    10    11    13    14    22    15
24    18    19    20    12    21    23    31
26    17    34    27    28    29     0    30
25    33    42    35    36    37    38    39
32    49    41    43    44    45    46    47
40    56    50    51    52    53    54    55
57    48    58    59    60    61    62    63

4
 8     4     1     3
12     2    10     7
 5     6    14    11
13     9     0    15

3
1     4     0
8     6     2
7     3     5
